----------------------- POSTAL_CODE quality check -----------------------
The following ORDER_NO : 
1015914
 102012
 103333
 103813
1015917
 102015
1015916
 102014
 102098
 103844
 103816
 101592
 103336
 103811
1015913
 102011
 101606
 101593
 101605
 103337
 103812
 101116
 101622
 101115
 101621
 103819
 101629
 101604
 101628
 101626
 103817
1015918
 102016
 101623
 103335
 103818
 101112
 103814
 102096
 101111
 103815
 101601
 101595
 101114
 103332
 101594
 101598
 102095
1016210
 103338
 101597
1015915
 102013
 101625
 102017
 103843
 101624
1015911
 102091
 101602
 103842
 101591
 102092
 102097
 101603
 101627
 101113
 103331
 101596
 101599
 103334
1015912
1015910
 103841
 102094
 102093 : in csv file are Null/NaN/NA : default value added : 000000 : 76 null values 
----------------------- STATE quality check -----------------------
The following ORDER_NO : 
 101215
 101342
 101809
 101881
1021114
 102751
 102999
 103095
 103419
1037512
 104037
 104172
1010311
 101121
1012611
 101508
1019411
 102802
1029111
 103046
 104246
 101345
1018012
 101884
 102754
 102981
 104021
 104175
 101344
1018011
 101883
 102753
1029911
 104039
 104174
 101052
1011911
 101292
1015513
 101679
1017812
 101869
 101976
 102734
 103256
 103505
 103596
 103733
 103952
 101034
 101148
 101264
 101501
 101642
 101759
 101944
 102174
1025912
 102914
 103342
1042512
 101086
1012210
1018114
 101913
 102038
 102112
 102259
 102383
1025313
1026614
1028712
 103005
1031010
 103203
 103412
 103633
 103757
 103894
1041913
1010515
 101179
1015311
 101653
 101762
1020813
 102202
 102312
 102472
 102938
1030613
 103145
 103258
1033610
 103488
 103598
 103951
 101038
 101268
 101505
 101646
 101948
 102161
 102918
 103043
 104243
 101214
 101341
 101808
1021113
 102246
 102998
 103094
 103418
1037513
 104036
 104171
 101041
1011710
1015312
 101654
 101763
1020814
 102203
 102301
 102473
 102939
1030614
 103146
1033611
 103484
 103585
 101084
 101228
 101704
1018112
 101911
 102036
1021216
 102257
 102381
1025311
1026612
1028710
 103003
 103108
 103201
 103411
 103634
 103896
1041911
1010514
 101178
1015310
 101652
 101761
1020812
 102201
 102311
 102471
 102937
1030612
 103144
 103251
 103361
 103595
 101087
1012211
1018115
 101914
 102039
 102113
1022510
 102384
1025314
1026615
1028713
 103006
1031011
 103204
1034110
 103635
 103775
 103897
1041914
 101049
 101415
 101513
1016512
 101751
 101846
 102465
 102594
1031414
 103363
 103589
 104125
 104254
 101083
 101227
 101703
1018111
 102035
1021215
 102256
 102395
1025310
1026611
 102771
 102879
 103002
 103107
 103417
 103636
 103771
 103898
 104055
1041910
1010310
1012610
 101507
 101648
1019410
 102801
1029110
 103045
 104245
 101222
 101362
1016112
 101816
1021210
 102251
 102535
 102666
 102874
 103018
 103102
 103568
 103772
 104063
 104195
 101736
 102052
 102273
 102447
 102562
 102809
 102892
1030413
1033215
 103569
1038013
1012617
 101735
 102051
 102272
 102446
 102561
 102808
 102891
1030412
1033216
 103566
1011016
 101232
 101372
 101618
 101812
 102126
1024111
 102531
 102662
1028814
 103014
 103119
 103434
 103785
 104191
1010612
 101193
 101555
 101671
 101784
 101861
 101984
 102629
1028411
 102967
 103276
 103381
 103511
 103734
 103867
1039811
1041614
 101107
1017313
 102147
1022710
 102412
1028016
 102885
 103021
 103441
 103792
 101082
 101226
 101702
1018110
 102034
1021214
 102255
 102394
 102539
1026610
 102878
 103001
 103106
 103637
 103774
 103893
 104054
 104199
 101221
 101361
1016111
 101815
 102129
 102534
 102665
 102873
 103017
 103101
 103562
 103663
 103776
 104062
 104194
 101048
 101414
 101512
1016511
1017610
 101845
 102308
 102464
 102593
1031413
 103366
1035810
 104124
 104253
 101106
1017312
 102146
 102279
 102411
1028015
 102884
 103032
 103329
 103442
 103791
1010412
 101143
 101418
 101516
1016515
 101754
 101849
 102468
 102597
 103346
1035811
1038311
 104128
 104257
 101014
 101104
1017310
 102144
 102277
1028013
 102882
1030417
 103328
 103443
 103563
1038010
 104092
 101032
 101146
 101262
 101519
1016518
 101757
1018412
 101942
 102172
1024611
1025910
 102912
 103341
1041211
1042510
 101062
 101333
 102759
 102841
 102974
 103278
1038618
1039815
 104164
 101346
1018013
 101885
 102755
 102982
 103895
 104022
 104176
 101011
 101101
 101737
 102053
 102141
 102274
 102448
 102551
1028010
 102893
1030414
 103321
 103561
 103808
 101233
 101373
 101619
 101813
 102127
1024112
 102532
 102663
 102871
 103015
1031110
 103433
 103662
 103795
 104192
1010312
 101122
1012612
 101509
 102441
 102803
1029112
 103047
 104231
1010314
1012614
1015011
 101732
 102443
 102691
 102805
1029114
 103049
1033217
 103923
 104233
1010618
 101199
1015511
 101677
1017810
 101867
 101974
1026215
 102732
1029613
 103275
 103383
 103506
 103735
 103865
1039818
1010313
1012613
1015010
 101731
 102442
 102804
1029113
 103048
1033218
 103922
 104232
1010511
 101175
 101282
 101537
 101779
 102089
 102213
1027313
 102934
 103069
 103141
 103259
1033612
 103501
 103839
1010413
 101144
 101223
 101363
 101419
 101517
1016516
 101755
 101817
1018410
 102031
1021211
 102252
 102391
 102469
 102536
 102598
 102667
 102875
 103019
 103103
 103343
1035812
 103661
 103773
 103836
 103945
 104051
 104129
 104196
 104258
1010513
 101177
 101284
 101539
 101651
1017711
1020811
 102215
1027315
 102936
1030611
 103143
 103266
 103367
 103502
1038312
 101089
1012213
1018117
 101916
1020311
 102115
1022512
 102386
 102522
1028715
 103008
1031013
1036310
 103784
1010316
1012616
 101734
 102271
 102445
 102807
1030411
 103232
 103921
 104235
 101088
1012212
1018116
 101915
1020310
 102114
1022511
 102385
 102521
1028714
 103007
1031012
 103205
 103303
 103557
1036311
1037810
 101234
 101374
1016110
 101814
 102128
 102533
 102664
 102872
 103016
1031111
 103432
 103794
 104061
 104193
1010812
1012216
 101803
 101919
 102118
 102241
 102525
 102861
 102993
1031016
 103302
 103551
1036312
 103789
 104031
1010617
 101198
1015510
 101676
 101789
 101866
 101973
1026214
 102731
1029612
 103286
 103382
 103512
 103736
 103866
1039817
 101043
1011712
 101656
 101765
 102205
 102303
 102475
1030616
 103148
1035813
 103831
 103941
 101108
1017314
 102131
1022711
 102413
1028017
 102886
 103022
 103111
 103322
 103444
 103801
1010510
 101174
 101281
 101536
 101778
1019714
 102088
 102212
1027312
 102933
 103068
 103157
 103265
 103503
 103837
 101035
 101149
 101265
 101502
 101643
1017510
 101945
 102175
1025913
 102915
 103231
 103344
1042513
 101039
 101269
 101506
 101647
 101949
 102919
 103044
 103486
 103588
 104244
1010811
1012215
 101802
 101918
 102117
1022514
 102388
 102524
1028717
 102992
1031015
 103304
 103552
1036313
 103788
 101109
 101611
1017315
 102132
1022712
 102414
 102791
 102887
 103023
 103112
 103323
 103445
 103802
1011013
 101615
 102123
 102418
 102795
1028811
 103011
 103116
 103324
 103447
 103803
 101046
 101412
 101659
 101768
 101843
 102208
 102306
 102462
 102591
1031411
 103364
1035814
 103832
 103942
 104122
 104251
 101343
1018010
 101882
1021115
 102752
1029910
 103096
 103891
 104038
 104173
1011015
 101231
 101371
 101617
 101811
 102125
1024110
 102661
1028813
 103013
 103118
 103325
 103436
 103793
 101064
 101335
 102621
1027511
 102843
 102976
1032814
1038611
1039816
 104166
 101013
 101103
 101739
 102055
 102143
 102276
1028012
 102881
1030416
 103326
 103446
 103565
 103804
 104091
 101347
 101581
1018014
 101886
 102756
 102971
 103408
 103638
 103759
 103892
 104023
 104161
 101059
 101173
 101299
 101535
1016716
 101777
1019713
 102087
 102211
1027311
 102932
 103067
 103156
 103264
 103507
 101012
 101102
 101738
 102054
 102142
 102275
 102449
 102552
1028011
 102894
1030415
1033210
 103451
 103567
 103805
 101031
 101145
 101261
 101518
1016517
 101756
1018411
 101941
 102171
1024610
 102599
 102911
 103345
 103481
 103587
1041210
 104259
1010815
 101212
 101806
 101903
1021111
 102244
 102528
 102996
 103092
 103301
 103416
 103553
1036314
1037514
 104034
1011011
 101613
 102121
1022714
 102416
 102793
 102889
 103025
 103114
 103327
 103806
1010410
 101141
 101416
 101514
1016513
 101752
 101847
 102466
 102595
1031415
 103584
 103833
 103946
 104126
 104255
1010613
 101194
 101556
 101672
 101785
 101862
 101985
1026210
1028412
 102968
 103281
 103515
 103737
 103861
 103983
1011010
 101612
1017316
 102133
1022713
 102415
 102792
 102888
 103024
 103113
1033211
 103807
 101224
 101818
 102032
1021212
 102253
 102392
 102537
 102668
 102876
1030110
 103104
 103554
 103787
 104052
 104197
 101054
1011913
 101294
1016711
 101772
 101978
 102082
 102736
 103062
 103151
 103263
 103509
1037312
1011012
 101614
 102122
1022715
 102417
 102794
1028810
 103026
 103115
1033212
 103809
 101085
 101229
1018113
 101912
 102037
 102111
 102258
 102382
1025312
1026613
1028711
 103004
 103109
 103202
 103556
1036315
 103786
1041912
1010614
 101195
 101557
 101673
 101786
 101863
 101986
1026211
1028413
 102969
 103282
 103514
1037311
 103869
1039813
1011014
 101616
 102124
 102419
 102796
1028812
 103012
 103117
1033213
1038011
 101051
1011910
 101291
1015512
 101678
1017811
 101868
 101975
1026216
 102733
1029614
 103262
1035010
1037310
 101081
 101225
 101701
 101819
 102033
1021213
 102254
 102393
 102538
 102669
 102877
1030111
 103105
 103558
 103631
 103783
 104053
 104198
1010611
 101192
 101554
 101783
 101983
 102628
1027518
1028410
 102966
 103283
 103513
1037313
1038612
 103982
1041613
 101105
1017311
 102145
 102278
1028014
 102883
 103031
1033214
1038012
 101045
 101411
 101658
 101767
 101842
 102207
 102305
 102461
1031410
 103255
 103365
 103597
 103834
 103947
 104121
1010315
1012615
 101733
 102444
 102692
 102806
1030410
 103482
 103586
 104234
 101063
 101334
1027510
 102842
 102975
 103284
 103401
 103752
 103868
1039814
 104165
1010810
1012214
 101801
 101917
 102116
1022513
 102387
 102523
1028716
 102991
1031014
 103431
 103559
 103639
 103782
 101033
 101147
 101263
1015110
 101641
 101758
1018413
 101943
 102173
1025911
 102913
 103483
 103581
1042511
 101331
 101887
 102757
 102972
 103402
 103632
 103753
 103871
 104162
1010813
1012217
 101804
 101901
 102119
 102242
 102526
 102994
1031017
 103435
1035510
 103641
 103781
 104032
1010411
 101142
 101417
 101515
1016514
 101753
 101848
 102467
 102596
 103253
 103593
 103835
 103943
 104127
 104256
 101044
 101161
 101657
 101766
 101841
 102206
 102304
 102476
1030617
 103149
 103252
 103369
1035014
 103591
 103838
 103944
 101037
 101267
 101504
 101645
1017512
 101947
 102177
 102917
 103042
 103485
 103582
 104242
 101065
 101336
 101441
 102622
1027512
 102844
 102977
 103285
 103403
 103754
 103984
 104167
1010816
 101213
 101807
 101904
1021112
 102245
 102529
 102997
 103093
 103414
 103555
1037515
 104035
 101066
 101337
 101561
 102623
1027513
 102845
 102961
 103287
 103404
 103755
 103985
 104168
 101047
 101413
 101511
1016510
 101769
 101844
 102209
 102307
 102463
 102592
1031412
 103254
 103368
 103508
 103592
1038313
 103954
 104123
 104252
 101042
1011711
1015313
 101655
 101764
1020815
 102204
 102302
 102474
1030615
 103147
 103257
1035017
 103594
1038310
 103953
1010814
 101211
 101805
 101902
1021110
 102243
 102527
 102995
 103091
 103413
 103564
 103758
 104033
 101055
1011914
 101295
 101531
1016712
 101773
 101979
 102083
 102737
 103063
 103152
 103261
1035011
1037314
 101067
 101338
 101562
 102624
1027514
 102846
 102962
 103288
 103405
 103756
 103986
 104169
1010512
 101176
 101283
 101538
1017710
1020810
 102214
1027314
 102935
1030610
 103142
 103277
 103504
 103975
1010616
 101197
 101559
 101675
 101788
 101865
 101972
1026213
1029611
 103289
1037315
1038613
 103987
 101069
 101552
 101781
 101981
 102626
1027516
 102848
 102964
1032810
 103407
 103751
1038614
 103988
1041611
 101053
1011912
 101293
1016710
 101771
 101977
 102081
 102735
 103061
 103271
1035012
1037316
1038610
 103974
 101036
1011410
 101266
 101503
 101644
1017511
 101946
 102176
 102916
 103041
 103362
 103487
 103583
 104241
 101061
 101332
 101888
 102758
 102973
1032811
 103406
1037510
 103989
 104163
 101068
 101551
 102625
1027515
 102847
 102963
1032813
 103415
1037511
1038617
1039810
1041610
 101056
 101181
 101296
 101532
1016713
 101774
1019710
 102084
 102738
 103064
 103153
 103272
1035013
 103732
 103862
 103973
 101057
 101171
 101297
 101533
1016714
 101775
1019711
 102085
 102739
 103065
 103154
 103273
1035016
 103738
 103863
 103972
1010610
 101191
 101553
 101782
 101982
 102627
1027517
 102849
 102965
1032812
1037317
1038615
1039812
1041612
1010615
 101196
 101558
 101674
 101787
 101864
 101971
1026212
1029610
 103739
1038616
 103981
 101058
 101172
 101298
 101534
1016715
 101776
1019712
 102086
1027310
 102931
 103066
 103155
 103274
1035015
 103731
 103864
 103971 : in csv file are Null/NaN/NA : default value added : Not Available : 1486 null values 
----------------------- TERRITORY quality check -----------------------
The following ORDER_NO : 
 101072
 101456
1015914
 101681
 102012
 102377
 102512
 102632
 102856
 103181
 103291
 103884
1014011
 101631
 101838
 102066
 102153
 102282
 102459
 103123
 103221
 103333
1035710
 103692
 103813
 104119
 101075
 101459
1015917
 101684
 102015
 102361
 102515
 102635
 102859
 103082
 103184
 103292
 103885
 101074
 101458
1015916
 101683
 102014
 102379
 102514
 102634
 102858
 103081
 103183
 103293
 103624
 103887
1014315
 102098
1022212
 102483
 102611
 102836
 102951
 103079
 103378
 103844
 104009
 104143
 101404
 101831
1020715
 102299
 102452
 102819
1030513
 103137
 103228
 103579
 103816
 104112
 101357
 101477
 101592
 102763
 103295
 101272
1014212
1018513
 101965
 102722
 102825
 103716
1038210
 104132
 101132
 101408
 101835
 102063
1022913
 102456
1028113
1031311
 103229
 103336
 103578
 103811
 104116
 101071
 101455
1015913
 101891
 102011
 102376
 102511
 102631
1027614
 102855
 103199
 103296
 103621
 103886
 101273
1014213
1018514
 101966
 102723
 102826
 103241
1038211
 104133
 101355
 101475
 101606
 102761
1032913
 103761
 101271
1014211
1018512
 101964
 102721
 102824
1034910
1038212
 103963
 104131
 101358
 101478
 101593
 102764
1032914
 101155
1012711
 101956
 102077
 102192
 102291
 102715
 102811
 102928
 103055
 103247
 103499
 103714
1038213
 101354
 101474
 101605
1019216
1032115
1032915
 101134
1014010
 101837
 102065
 102152
 102281
 102458
 103122
1032210
 103337
 103571
 103812
 104118
 101094
 101712
1019211
1020417
 102786
1032110
 103316
 103651
1039014
 101022
 101116
 101494
 101622
 101823
1021510
1031210
1032214
 103463
 103698
 104222
 101021
 101115
 101493
 101621
 101822
 102159
 103129
 103225
 103697
 103819
 104221
 101726
 101927
1020413
 102264
 102782
 103216
1033114
 103671
1040711
 101314
 101437
 102224
1025014
 102741
 103071
 104001
 101003
 101246
1014911
 101629
1018210
 102044
1031217
 103317
 103673
 104072
 101353
 101473
 101604
1019215
1027810
1032114
 103299
 101093
 101711
1019210
1020416
 102267
 102785
 103219
 103318
1039015
 101154
1012710
 101955
 102076
 102191
 102714
1028213
 102927
 103054
 103248
 103498
 103717
 103825
 101002
 101245
1014910
 101628
 101829
 102043
1031216
 103674
 104071
1012714
 101959
1020710
 102294
 102718
 102814
1029211
 103058
 103132
1032410
 103497
 101243
 101498
 101626
 101827
 102041
 102432
1031214
 103226
 103675
1039016
 101402
1020713
 102297
1027111
 102817
1030511
 103135
1032211
 103577
 103817
1014514
 101689
 102353
 102504
1026310
 103087
 103189
 103531
 104013
 101076
1014510
1015918
 101685
 102016
 102362
 102516
 102636
1028510
 103083
 103185
1032912
 103623
 101495
 101623
 101824
1031211
 103222
 103677
 103907
 104211
 101091
 101727
 101928
1020414
 102265
 102783
 103217
1033110
1040712
 101632
 101839
 102067
 102154
 102283
 102571
 103124
1032212
 103335
 103576
 103691
 103818
 101112
 101634
1018311
 102069
 102156
 102285
 102573
 103126
1032213
 103575
 103696
 103814
 101302
1014313
 102096
1022210
 102481
 102834
 103077
 104007
 104141
 101111
 101633
1018310
 102068
 102155
 102284
 102572
 103125
 103227
 103574
 103695
 103815
 101428
 101662
 101859
 101961
1024812
 102821
 103962
1041412
 101095
1012715
 101601
 101713
1019212
1019510
1020711
 102295
 102719
 102787
 102815
1029212
 103059
 103133
1032111
1032412
1033111
 103496
1014210
1018511
 101963
1024814
 102823
 103964
1041414
1013510
1014710
 101595
 102766
 103191
1032910
 103909
 101114
 101492
 101636
 101821
1020611
 102158
 102575
 102902
 103128
 103332
 103573
 103694
 103827
 101359
 101479
 101594
 102765
 103901
 101092
 101728
 101929
1020415
 102266
 102784
 103218
1033112
 103676
1013513
 101462
 101598
 102371
 102643
 102769
 103194
 103902
 101301
1014312
 102095
 102229
 102495
 102833
 103076
 104006
 101275
1014215
1018516
 101968
 102071
 102725
 102828
 102922
1032413
 103373
 103495
 104135
 101004
 101247
1016210
1018211
 102045
 103678
 104073
 101427
 101661
 101858
1024811
 102619
1028314
 103372
 103965
1041411
 101405
 101832
1020716
1022910
 102453
1028110
1030514
 103138
 103572
 103821
 104113
 101133
 101409
 101836
 102064
 102151
1022914
 102457
1028114
 103121
 103246
 103338
 103822
 104117
1013512
 101461
 101597
 102642
 102768
 103193
 103903
 101248
1018212
 102046
 102671
 103679
 104074
1012412
 101723
1018216
 101924
1020410
 102261
 102675
 103213
1036710
 104078
 101152
 101278
 101953
 102074
 102712
1028211
 102925
 103052
1032414
 103494
1037112
 101073
 101457
1015915
 101682
 102013
 102378
 102513
 102633
 102857
 103182
 103297
 103622
 101725
 101926
1020412
 102263
 102781
 103215
1036711
1040710
1014516
1016811
 102355
 102506
 103089
 103532
 104015
 101242
 101497
 101625
 101826
 102431
1031213
 103223
1036713
 101077
1014511
 101686
 102017
 102363
 102501
 102637
1028511
 103084
 103186
 103294
 101426
 101857
1024810
 102618
1028313
 103374
 103843
 103966
1041410
 101241
 101496
 101624
 101825
1031212
 103224
1036712
 104212
 101401
1020712
 102296
1027110
 102816
1030510
 103134
 103242
 103715
 103823
1013516
 101453
1015911
 102374
 102646
1027612
 102853
 103197
 103904
1012410
 101721
1018214
 101922
 102048
 102673
 103211
 103461
 103682
 104076
1012712
 101957
 102078
 102193
 102292
 102716
 102812
 102929
 103056
 103249
 103352
 103493
 103718
 101315
 101438
 102091
 102225
 102491
 102742
 103072
 104002
 101249
1018213
 101921
 102047
 102672
 103465
 103685
 104075
 101096
 101351
 101471
 101602
 101714
1019213
 102788
1032112
1033113
 103672
 103905
 101421
 101542
 101852
1022214
 102332
 102485
 102613
 102838
 102953
 103842
 103967
 104145
1012411
 101722
1018215
 101923
 102049
 102674
 103212
 103462
 103681
 104077
 101356
 101476
 101591
 102762
 103319
 103906
 101316
 101439
 102092
 102226
 102492
 102743
 103073
 104003
1012413
 101724
1018217
 101925
1020411
 102262
 102676
 103214
 103466
 103684
 104079
1014314
 102097
1022211
 102482
 102835
 103078
 103852
 103968
 104008
 104142
 101352
 101472
 101603
1019214
 102789
1032113
 103311
 103908
 101313
 101436
1016818
 102223
1023512
1025013
1030816
1040112
 101001
 101244
 101499
 101627
 101828
 102042
 102421
1031215
 103464
 103683
 101151
 101277
 101952
 102073
 102711
1028210
 102924
 103051
 103492
 103719
 101113
 101491
 101635
1018312
1020610
 102157
 102286
 102574
 102901
 103127
 103243
 103331
 103693
 103824
1014515
1016810
 102354
 102505
1026311
 103088
 103171
 103533
 104014
1013511
1014711
 101596
 102641
 102767
 103192
 103312
1039010
 101403
1020714
 102298
 102451
 102818
1030512
 103136
1032411
 103351
 103711
 103826
 104111
 101078
1014512
 101687
 102351
 102502
 102638
1028512
 103085
 103187
1032911
 103535
 104011
1013514
 101451
 101599
 102372
 102644
1027610
 102851
 103195
 103313
1039011
1012713
 101958
 102079
 102194
 102293
 102717
 102813
1029210
 103057
 103131
 103353
 103491
 103712
 101276
1014216
 101951
 102072
 102726
 102829
 102923
1037111
 104136
 101131
 101407
 101834
 102062
1022912
 102455
1028112
1031310
 103244
 103334
 103828
 104115
1016812
 102356
 102507
1030810
 103537
 103888
 104016
1013517
 101454
1015912
 102375
 102647
1027613
 102854
 103198
 103314
 103653
1039012
 101431
1016813
 101991
 102357
 102508
1030811
 103538
 103881
 104017
 101153
 101279
 101954
 102075
 102713
1028212
 102926
 103053
1037110
 101274
1014214
1018515
 101967
 102724
 102827
 102921
 103376
 104134
1013515
 101452
1015910
 102373
 102645
1027611
 102852
 103196
 103315
 103652
1039013
 101422
 101853
1022215
 102333
 102486
 102614
 102839
 102954
 103851
 103961
 104146
 101432
1016814
 101992
 102358
 102509
1030812
 103539
 103882
 104018
 101429
 101663
1018510
 101962
1024813
 102822
 103379
 103841
1041413
 101318
1014311
 102094
 102228
 102494
 102745
 102832
 103075
 103523
 104005
 101311
 101434
1016816
 102221
1023510
1025011
1030814
 103522
1040110
1014316
 101541
 101851
1022213
 102331
 102484
 102612
 102837
 102952
 104144
 101406
 101833
 102061
1022911
 102454
1028111
 103139
 103245
 103713
 103829
 104114
1014513
 101688
 102352
 102503
 102639
1028513
 103086
 103188
 103534
 103883
 104012
 101433
1016815
 101993
 102359
1025010
1030813
 103536
 104019
 101423
 101854
1022216
 102487
 102615
1028310
 102955
 103371
 104147
 101424
 101855
1022217
 102488
 102616
1028311
 102941
 103377
 104148
 101312
 101435
1016817
 102222
1023511
1025012
1030815
 103521
1040111
 101317
1014310
 102093
 102227
 102493
 102744
 102831
 103074
 103298
 103524
 104004
 101425
 101856
1022218
 102489
 102617
1028312
 103375
 104149 : in csv file are Null/NaN/NA : default value added : Not Available : 1074 null values 
